# Created by Octave 4.4.0, Fri May 18 11:10:58 2018 GMT <unknown@SUMRIT-LAPTOP>
# name: data
# type: matrix
# rows: 891
# columns: 7
 1 0 3 22 1 0 7.25
 2 1 1 38 1 0 71.283299999999997
 3 1 3 26 0 0 7.9249999999999998
 4 1 1 35 1 0 53.100000000000001
 5 0 3 35 0 0 8.0500000000000007
 6 0 3 0 0 0 8.4582999999999995
 7 0 1 54 0 0 51.862499999999997
 8 0 3 2 3 1 21.074999999999999
 9 1 3 27 0 2 11.1333
 10 1 2 14 1 0 30.070799999999998
 11 1 3 4 1 1 16.699999999999999
 12 1 1 58 0 0 26.550000000000001
 13 0 3 20 0 0 8.0500000000000007
 14 0 3 39 1 5 31.274999999999999
 15 0 3 14 0 0 7.8541999999999996
 16 1 2 55 0 0 16
 17 0 3 2 4 1 29.125
 18 1 2 0 0 0 13
 19 0 3 31 1 0 18
 20 1 3 0 0 0 7.2249999999999996
 21 0 2 35 0 0 26
 22 1 2 34 0 0 13
 23 1 3 15 0 0 8.0291999999999994
 24 1 1 28 0 0 35.5
 25 0 3 8 3 1 21.074999999999999
 26 1 3 38 1 5 31.387499999999999
 27 0 3 0 0 0 7.2249999999999996
 28 0 1 19 3 2 263
 29 1 3 0 0 0 7.8792
 30 0 3 0 0 0 7.8958000000000004
 31 0 1 40 0 0 27.720800000000001
 32 1 1 0 1 0 146.52080000000001
 33 1 3 0 0 0 7.75
 34 0 2 66 0 0 10.5
 35 0 1 28 1 0 82.1708
 36 0 1 42 1 0 52
 37 1 3 0 0 0 7.2291999999999996
 38 0 3 21 0 0 8.0500000000000007
 39 0 3 18 2 0 18
 40 1 3 14 1 0 11.2417
 41 0 3 40 1 0 9.4749999999999996
 42 0 2 27 1 0 21
 43 0 3 0 0 0 7.8958000000000004
 44 1 2 3 1 2 41.5792
 45 1 3 19 0 0 7.8792
 46 0 3 0 0 0 8.0500000000000007
 47 0 3 0 1 0 15.5
 48 1 3 0 0 0 7.75
 49 0 3 0 2 0 21.679200000000002
 50 0 3 18 1 0 17.800000000000001
 51 0 3 7 4 1 39.6875
 52 0 3 21 0 0 7.7999999999999998
 53 1 1 49 1 0 76.729200000000006
 54 1 2 29 1 0 26
 55 0 1 65 0 1 61.979199999999999
 56 1 1 0 0 0 35.5
 57 1 2 21 0 0 10.5
 58 0 3 28.5 0 0 7.2291999999999996
 59 1 2 5 1 2 27.75
 60 0 3 11 5 2 46.899999999999999
 61 0 3 22 0 0 7.2291999999999996
 62 1 1 38 0 0 80
 63 0 1 45 1 0 83.474999999999994
 64 0 3 4 3 2 27.899999999999999
 65 0 1 0 0 0 27.720800000000001
 66 1 3 0 1 1 15.245799999999999
 67 1 2 29 0 0 10.5
 68 0 3 19 0 0 8.1583000000000006
 69 1 3 17 4 2 7.9249999999999998
 70 0 3 26 2 0 8.6624999999999996
 71 0 2 32 0 0 10.5
 72 0 3 16 5 2 46.899999999999999
 73 0 2 21 0 0 73.5
 74 0 3 26 1 0 14.4542
 75 1 3 32 0 0 56.495800000000003
 76 0 3 25 0 0 7.6500000000000004
 77 0 3 0 0 0 7.8958000000000004
 78 0 3 0 0 0 8.0500000000000007
 79 1 2 0.82999999999999996 0 2 29
 80 1 3 30 0 0 12.475
 81 0 3 22 0 0 9
 82 1 3 29 0 0 9.5
 83 1 3 0 0 0 7.7874999999999996
 84 0 1 28 0 0 47.100000000000001
 85 1 2 17 0 0 10.5
 86 1 3 33 3 0 15.85
 87 0 3 16 1 3 34.375
 88 0 3 0 0 0 8.0500000000000007
 89 1 1 23 3 2 263
 90 0 3 24 0 0 8.0500000000000007
 91 0 3 29 0 0 8.0500000000000007
 92 0 3 20 0 0 7.8541999999999996
 93 0 1 46 1 0 61.174999999999997
 94 0 3 26 1 2 20.574999999999999
 95 0 3 59 0 0 7.25
 96 0 3 0 0 0 8.0500000000000007
 97 0 1 71 0 0 34.654200000000003
 98 1 1 23 0 1 63.3583
 99 1 2 34 0 1 23
 100 0 2 34 1 0 26
 101 0 3 28 0 0 7.8958000000000004
 102 0 3 0 0 0 7.8958000000000004
 103 0 1 21 0 1 77.287499999999994
 104 0 3 33 0 0 8.6541999999999994
 105 0 3 37 2 0 7.9249999999999998
 106 0 3 28 0 0 7.8958000000000004
 107 1 3 21 0 0 7.6500000000000004
 108 1 3 0 0 0 7.7750000000000004
 109 0 3 38 0 0 7.8958000000000004
 110 1 3 0 1 0 24.149999999999999
 111 0 1 47 0 0 52
 112 0 3 14.5 1 0 14.4542
 113 0 3 22 0 0 8.0500000000000007
 114 0 3 20 1 0 9.8249999999999993
 115 0 3 17 0 0 14.458299999999999
 116 0 3 21 0 0 7.9249999999999998
 117 0 3 70.5 0 0 7.75
 118 0 2 29 1 0 21
 119 0 1 24 0 1 247.52080000000001
 120 0 3 2 4 2 31.274999999999999
 121 0 2 21 2 0 73.5
 122 0 3 0 0 0 8.0500000000000007
 123 0 2 32.5 1 0 30.070799999999998
 124 1 2 32.5 0 0 13
 125 0 1 54 0 1 77.287499999999994
 126 1 3 12 1 0 11.2417
 127 0 3 0 0 0 7.75
 128 1 3 24 0 0 7.1417000000000002
 129 1 3 0 1 1 22.3583
 130 0 3 45 0 0 6.9749999999999996
 131 0 3 33 0 0 7.8958000000000004
 132 0 3 20 0 0 7.0499999999999998
 133 0 3 47 1 0 14.5
 134 1 2 29 1 0 26
 135 0 2 25 0 0 13
 136 0 2 23 0 0 15.0458
 137 1 1 19 0 2 26.283300000000001
 138 0 1 37 1 0 53.100000000000001
 139 0 3 16 0 0 9.2166999999999994
 140 0 1 24 0 0 79.200000000000003
 141 0 3 0 0 2 15.245799999999999
 142 1 3 22 0 0 7.75
 143 1 3 24 1 0 15.85
 144 0 3 19 0 0 6.75
 145 0 2 18 0 0 11.5
 146 0 2 19 1 1 36.75
 147 1 3 27 0 0 7.7957999999999998
 148 0 3 9 2 2 34.375
 149 0 2 36.5 0 2 26
 150 0 2 42 0 0 13
 151 0 2 51 0 0 12.525
 152 1 1 22 1 0 66.599999999999994
 153 0 3 55.5 0 0 8.0500000000000007
 154 0 3 40.5 0 2 14.5
 155 0 3 0 0 0 7.3125
 156 0 1 51 0 1 61.379199999999997
 157 1 3 16 0 0 7.7332999999999998
 158 0 3 30 0 0 8.0500000000000007
 159 0 3 0 0 0 8.6624999999999996
 160 0 3 0 8 2 69.549999999999997
 161 0 3 44 0 1 16.100000000000001
 162 1 2 40 0 0 15.75
 163 0 3 26 0 0 7.7750000000000004
 164 0 3 17 0 0 8.6624999999999996
 165 0 3 1 4 1 39.6875
 166 1 3 9 0 2 20.524999999999999
 167 1 1 0 0 1 55
 168 0 3 45 1 4 27.899999999999999
 169 0 1 0 0 0 25.925000000000001
 170 0 3 28 0 0 56.495800000000003
 171 0 1 61 0 0 33.5
 172 0 3 4 4 1 29.125
 173 1 3 1 1 1 11.1333
 174 0 3 21 0 0 7.9249999999999998
 175 0 1 56 0 0 30.695799999999998
 176 0 3 18 1 1 7.8541999999999996
 177 0 3 0 3 1 25.466699999999999
 178 0 1 50 0 0 28.712499999999999
 179 0 2 30 0 0 13
 180 0 3 36 0 0 0
 181 0 3 0 8 2 69.549999999999997
 182 0 2 0 0 0 15.050000000000001
 183 0 3 9 4 2 31.387499999999999
 184 1 2 1 2 1 39
 185 1 3 4 0 2 22.024999999999999
 186 0 1 0 0 0 50
 187 1 3 0 1 0 15.5
 188 1 1 45 0 0 26.550000000000001
 189 0 3 40 1 1 15.5
 190 0 3 36 0 0 7.8958000000000004
 191 1 2 32 0 0 13
 192 0 2 19 0 0 13
 193 1 3 19 1 0 7.8541999999999996
 194 1 2 3 1 1 26
 195 1 1 44 0 0 27.720800000000001
 196 1 1 58 0 0 146.52080000000001
 197 0 3 0 0 0 7.75
 198 0 3 42 0 1 8.4041999999999994
 199 1 3 0 0 0 7.75
 200 0 2 24 0 0 13
 201 0 3 28 0 0 9.5
 202 0 3 0 8 2 69.549999999999997
 203 0 3 34 0 0 6.4958
 204 0 3 45.5 0 0 7.2249999999999996
 205 1 3 18 0 0 8.0500000000000007
 206 0 3 2 0 1 10.4625
 207 0 3 32 1 0 15.85
 208 1 3 26 0 0 18.787500000000001
 209 1 3 16 0 0 7.75
 210 1 1 40 0 0 31
 211 0 3 24 0 0 7.0499999999999998
 212 1 2 35 0 0 21
 213 0 3 22 0 0 7.25
 214 0 2 30 0 0 13
 215 0 3 0 1 0 7.75
 216 1 1 31 1 0 113.27500000000001
 217 1 3 27 0 0 7.9249999999999998
 218 0 2 42 1 0 27
 219 1 1 32 0 0 76.291700000000006
 220 0 2 30 0 0 10.5
 221 1 3 16 0 0 8.0500000000000007
 222 0 2 27 0 0 13
 223 0 3 51 0 0 8.0500000000000007
 224 0 3 0 0 0 7.8958000000000004
 225 1 1 38 1 0 90
 226 0 3 22 0 0 9.3499999999999996
 227 1 2 19 0 0 10.5
 228 0 3 20.5 0 0 7.25
 229 0 2 18 0 0 13
 230 0 3 0 3 1 25.466699999999999
 231 1 1 35 1 0 83.474999999999994
 232 0 3 29 0 0 7.7750000000000004
 233 0 2 59 0 0 13.5
 234 1 3 5 4 2 31.387499999999999
 235 0 2 24 0 0 10.5
 236 0 3 0 0 0 7.5499999999999998
 237 0 2 44 1 0 26
 238 1 2 8 0 2 26.25
 239 0 2 19 0 0 10.5
 240 0 2 33 0 0 12.275
 241 0 3 0 1 0 14.4542
 242 1 3 0 1 0 15.5
 243 0 2 29 0 0 10.5
 244 0 3 22 0 0 7.125
 245 0 3 30 0 0 7.2249999999999996
 246 0 1 44 2 0 90
 247 0 3 25 0 0 7.7750000000000004
 248 1 2 24 0 2 14.5
 249 1 1 37 1 1 52.554200000000002
 250 0 2 54 1 0 26
 251 0 3 0 0 0 7.25
 252 0 3 29 1 1 10.4625
 253 0 1 62 0 0 26.550000000000001
 254 0 3 30 1 0 16.100000000000001
 255 0 3 41 0 2 20.212499999999999
 256 1 3 29 0 2 15.245799999999999
 257 1 1 0 0 0 79.200000000000003
 258 1 1 30 0 0 86.5
 259 1 1 35 0 0 512.32920000000001
 260 1 2 50 0 1 26
 261 0 3 0 0 0 7.75
 262 1 3 3 4 2 31.387499999999999
 263 0 1 52 1 1 79.650000000000006
 264 0 1 40 0 0 0
 265 0 3 0 0 0 7.75
 266 0 2 36 0 0 10.5
 267 0 3 16 4 1 39.6875
 268 1 3 25 1 0 7.7750000000000004
 269 1 1 58 0 1 153.46250000000001
 270 1 1 35 0 0 135.63329999999999
 271 0 1 0 0 0 31
 272 1 3 25 0 0 0
