# Created by Octave 4.4.0, Wed May 23 10:55:31 2018 GMT <unknown@SUMRIT-LAPTOP>
# name: data
# type: matrix
# rows: 891
# columns: 8
 1 0 3 22 1 0 7.25 0
 2 1 1 38 1 0 71.283299999999997 1
 3 1 3 26 0 0 7.9249999999999998 1
 4 1 1 35 1 0 53.100000000000001 1
 5 0 3 35 0 0 8.0500000000000007 0
 6 0 3 0 0 0 8.4582999999999995 0
 7 0 1 54 0 0 51.862499999999997 0
 8 0 3 2 3 1 21.074999999999999 0
 9 1 3 27 0 2 11.1333 1
 10 1 2 14 1 0 30.070799999999998 1
 11 1 3 4 1 1 16.699999999999999 1
 12 1 1 58 0 0 26.550000000000001 1
 13 0 3 20 0 0 8.0500000000000007 0
 14 0 3 39 1 5 31.274999999999999 0
 15 0 3 14 0 0 7.8541999999999996 1
 16 1 2 55 0 0 16 1
 17 0 3 2 4 1 29.125 0
 18 1 2 0 0 0 13 0
 19 0 3 31 1 0 18 1
 20 1 3 0 0 0 7.2249999999999996 1
 21 0 2 35 0 0 26 0
 22 1 2 34 0 0 13 0
 23 1 3 15 0 0 8.0291999999999994 1
 24 1 1 28 0 0 35.5 0
 25 0 3 8 3 1 21.074999999999999 1
 26 1 3 38 1 5 31.387499999999999 1
 27 0 3 0 0 0 7.2249999999999996 0
 28 0 1 19 3 2 263 0
 29 1 3 0 0 0 7.8792 1
 30 0 3 0 0 0 7.8958000000000004 0
 31 0 1 40 0 0 27.720800000000001 0
 32 1 1 0 1 0 146.52080000000001 1
 33 1 3 0 0 0 7.75 1
 34 0 2 66 0 0 10.5 0
 35 0 1 28 1 0 82.1708 0
 36 0 1 42 1 0 52 0
 37 1 3 0 0 0 7.2291999999999996 0
 38 0 3 21 0 0 8.0500000000000007 0
 39 0 3 18 2 0 18 1
 40 1 3 14 1 0 11.2417 1
 41 0 3 40 1 0 9.4749999999999996 1
 42 0 2 27 1 0 21 1
 43 0 3 0 0 0 7.8958000000000004 0
 44 1 2 3 1 2 41.5792 1
 45 1 3 19 0 0 7.8792 1
 46 0 3 0 0 0 8.0500000000000007 0
 47 0 3 0 1 0 15.5 0
 48 1 3 0 0 0 7.75 1
 49 0 3 0 2 0 21.679200000000002 0
 50 0 3 18 1 0 17.800000000000001 1
 51 0 3 7 4 1 39.6875 0
 52 0 3 21 0 0 7.7999999999999998 0
 53 1 1 49 1 0 76.729200000000006 1
 54 1 2 29 1 0 26 1
 55 0 1 65 0 1 61.979199999999999 0
 56 1 1 0 0 0 35.5 0
 57 1 2 21 0 0 10.5 1
 58 0 3 28.5 0 0 7.2291999999999996 0
 59 1 2 5 1 2 27.75 1
 60 0 3 11 5 2 46.899999999999999 0
 61 0 3 22 0 0 7.2291999999999996 0
 62 1 1 38 0 0 80 1
 63 0 1 45 1 0 83.474999999999994 0
 64 0 3 4 3 2 27.899999999999999 0
 65 0 1 0 0 0 27.720800000000001 0
 66 1 3 0 1 1 15.245799999999999 0
 67 1 2 29 0 0 10.5 1
 68 0 3 19 0 0 8.1583000000000006 0
 69 1 3 17 4 2 7.9249999999999998 1
 70 0 3 26 2 0 8.6624999999999996 0
 71 0 2 32 0 0 10.5 0
 72 0 3 16 5 2 46.899999999999999 1
 73 0 2 21 0 0 73.5 0
 74 0 3 26 1 0 14.4542 0
 75 1 3 32 0 0 56.495800000000003 0
 76 0 3 25 0 0 7.6500000000000004 0
 77 0 3 0 0 0 7.8958000000000004 0
 78 0 3 0 0 0 8.0500000000000007 0
 79 1 2 0.82999999999999996 0 2 29 0
 80 1 3 30 0 0 12.475 1
 81 0 3 22 0 0 9 0
 82 1 3 29 0 0 9.5 0
 83 1 3 0 0 0 7.7874999999999996 1
 84 0 1 28 0 0 47.100000000000001 0
 85 1 2 17 0 0 10.5 1
 86 1 3 33 3 0 15.85 1
 87 0 3 16 1 3 34.375 0
 88 0 3 0 0 0 8.0500000000000007 0
 89 1 1 23 3 2 263 1
 90 0 3 24 0 0 8.0500000000000007 0
 91 0 3 29 0 0 8.0500000000000007 0
 92 0 3 20 0 0 7.8541999999999996 0
 93 0 1 46 1 0 61.174999999999997 0
 94 0 3 26 1 2 20.574999999999999 0
 95 0 3 59 0 0 7.25 0
 96 0 3 0 0 0 8.0500000000000007 0
 97 0 1 71 0 0 34.654200000000003 0
 98 1 1 23 0 1 63.3583 0
 99 1 2 34 0 1 23 1
 100 0 2 34 1 0 26 0
 101 0 3 28 0 0 7.8958000000000004 1
 102 0 3 0 0 0 7.8958000000000004 0
 103 0 1 21 0 1 77.287499999999994 0
 104 0 3 33 0 0 8.6541999999999994 0
 105 0 3 37 2 0 7.9249999999999998 0
 106 0 3 28 0 0 7.8958000000000004 0
 107 1 3 21 0 0 7.6500000000000004 1
 108 1 3 0 0 0 7.7750000000000004 0
 109 0 3 38 0 0 7.8958000000000004 0
 110 1 3 0 1 0 24.149999999999999 1
 111 0 1 47 0 0 52 0
 112 0 3 14.5 1 0 14.4542 1
 113 0 3 22 0 0 8.0500000000000007 0
 114 0 3 20 1 0 9.8249999999999993 1
 115 0 3 17 0 0 14.458299999999999 1
 116 0 3 21 0 0 7.9249999999999998 0
 117 0 3 70.5 0 0 7.75 0
 118 0 2 29 1 0 21 0
 119 0 1 24 0 1 247.52080000000001 0
 120 0 3 2 4 2 31.274999999999999 1
 121 0 2 21 2 0 73.5 0
 122 0 3 0 0 0 8.0500000000000007 0
 123 0 2 32.5 1 0 30.070799999999998 0
 124 1 2 32.5 0 0 13 1
 125 0 1 54 0 1 77.287499999999994 0
 126 1 3 12 1 0 11.2417 0
 127 0 3 0 0 0 7.75 0
 128 1 3 24 0 0 7.1417000000000002 0
 129 1 3 0 1 1 22.3583 1
 130 0 3 45 0 0 6.9749999999999996 0
 131 0 3 33 0 0 7.8958000000000004 0
 132 0 3 20 0 0 7.0499999999999998 0
 133 0 3 47 1 0 14.5 1
 134 1 2 29 1 0 26 1
 135 0 2 25 0 0 13 0
 136 0 2 23 0 0 15.0458 0
 137 1 1 19 0 2 26.283300000000001 1
 138 0 1 37 1 0 53.100000000000001 0
 139 0 3 16 0 0 9.2166999999999994 0
 140 0 1 24 0 0 79.200000000000003 0
 141 0 3 0 0 2 15.245799999999999 1
 142 1 3 22 0 0 7.75 1
 143 1 3 24 1 0 15.85 1
 144 0 3 19 0 0 6.75 0
 145 0 2 18 0 0 11.5 0
 146 0 2 19 1 1 36.75 0
 147 1 3 27 0 0 7.7957999999999998 0
 148 0 3 9 2 2 34.375 1
 149 0 2 36.5 0 2 26 0
 150 0 2 42 0 0 13 0
 151 0 2 51 0 0 12.525 0
 152 1 1 22 1 0 66.599999999999994 1
 153 0 3 55.5 0 0 8.0500000000000007 0
 154 0 3 40.5 0 2 14.5 0
 155 0 3 0 0 0 7.3125 0
 156 0 1 51 0 1 61.379199999999997 0
 157 1 3 16 0 0 7.7332999999999998 1
 158 0 3 30 0 0 8.0500000000000007 0
 159 0 3 0 0 0 8.6624999999999996 0
 160 0 3 0 8 2 69.549999999999997 0
 161 0 3 44 0 1 16.100000000000001 0
 162 1 2 40 0 0 15.75 1
 163 0 3 26 0 0 7.7750000000000004 0
 164 0 3 17 0 0 8.6624999999999996 0
 165 0 3 1 4 1 39.6875 0
 166 1 3 9 0 2 20.524999999999999 0
 167 1 1 0 0 1 55 1
 168 0 3 45 1 4 27.899999999999999 1
 169 0 1 0 0 0 25.925000000000001 0
 170 0 3 28 0 0 56.495800000000003 0
 171 0 1 61 0 0 33.5 0
 172 0 3 4 4 1 29.125 0
 173 1 3 1 1 1 11.1333 1
 174 0 3 21 0 0 7.9249999999999998 0
 175 0 1 56 0 0 30.695799999999998 0
 176 0 3 18 1 1 7.8541999999999996 0
 177 0 3 0 3 1 25.466699999999999 0
 178 0 1 50 0 0 28.712499999999999 1
 179 0 2 30 0 0 13 0
 180 0 3 36 0 0 0 0
 181 0 3 0 8 2 69.549999999999997 1
 182 0 2 0 0 0 15.050000000000001 0
 183 0 3 9 4 2 31.387499999999999 0
 184 1 2 1 2 1 39 0
 185 1 3 4 0 2 22.024999999999999 1
 186 0 1 0 0 0 50 0
 187 1 3 0 1 0 15.5 1
 188 1 1 45 0 0 26.550000000000001 0
 189 0 3 40 1 1 15.5 0
 190 0 3 36 0 0 7.8958000000000004 0
 191 1 2 32 0 0 13 1
 192 0 2 19 0 0 13 0
 193 1 3 19 1 0 7.8541999999999996 1
 194 1 2 3 1 1 26 0
 195 1 1 44 0 0 27.720800000000001 1
 196 1 1 58 0 0 146.52080000000001 1
 197 0 3 0 0 0 7.75 0
 198 0 3 42 0 1 8.4041999999999994 0
 199 1 3 0 0 0 7.75 1
 200 0 2 24 0 0 13 1
 201 0 3 28 0 0 9.5 0
 202 0 3 0 8 2 69.549999999999997 0
 203 0 3 34 0 0 6.4958 0
 204 0 3 45.5 0 0 7.2249999999999996 0
 205 1 3 18 0 0 8.0500000000000007 0
 206 0 3 2 0 1 10.4625 1
 207 0 3 32 1 0 15.85 0
 208 1 3 26 0 0 18.787500000000001 0
 209 1 3 16 0 0 7.75 1
 210 1 1 40 0 0 31 0
 211 0 3 24 0 0 7.0499999999999998 0
 212 1 2 35 0 0 21 1
 213 0 3 22 0 0 7.25 0
 214 0 2 30 0 0 13 0
 215 0 3 0 1 0 7.75 0
 216 1 1 31 1 0 113.27500000000001 1
 217 1 3 27 0 0 7.9249999999999998 1
 218 0 2 42 1 0 27 0
 219 1 1 32 0 0 76.291700000000006 1
 220 0 2 30 0 0 10.5 0
 221 1 3 16 0 0 8.0500000000000007 0
 222 0 2 27 0 0 13 0
 223 0 3 51 0 0 8.0500000000000007 0
 224 0 3 0 0 0 7.8958000000000004 0
 225 1 1 38 1 0 90 0
 226 0 3 22 0 0 9.3499999999999996 0
 227 1 2 19 0 0 10.5 0
 228 0 3 20.5 0 0 7.25 0
 229 0 2 18 0 0 13 0
 230 0 3 0 3 1 25.466699999999999 1
 231 1 1 35 1 0 83.474999999999994 1
 232 0 3 29 0 0 7.7750000000000004 0
 233 0 2 59 0 0 13.5 0
 234 1 3 5 4 2 31.387499999999999 1
 235 0 2 24 0 0 10.5 0
 236 0 3 0 0 0 7.5499999999999998 1
 237 0 2 44 1 0 26 0
 238 1 2 8 0 2 26.25 1
 239 0 2 19 0 0 10.5 0
 240 0 2 33 0 0 12.275 0
 241 0 3 0 1 0 14.4542 1
 242 1 3 0 1 0 15.5 1
 243 0 2 29 0 0 10.5 0
 244 0 3 22 0 0 7.125 0
 245 0 3 30 0 0 7.2249999999999996 0
 246 0 1 44 2 0 90 0
 247 0 3 25 0 0 7.7750000000000004 1
 248 1 2 24 0 2 14.5 1
 249 1 1 37 1 1 52.554200000000002 0
 250 0 2 54 1 0 26 0
 251 0 3 0 0 0 7.25 0
 252 0 3 29 1 1 10.4625 1
 253 0 1 62 0 0 26.550000000000001 0
 254 0 3 30 1 0 16.100000000000001 0
